DivSel = 1
ProgInPath = yes
OriginalPDB = 8E5F_preped
ConsecResID = yes
SelDisulfides = yes
SelPairIDs =  20 27 80 87 151 181 373 380 444 474 666 673 737 767 
ChooseMut = no
SelCpH = yes
SelASPIDs_1 = 21 38 81 98 146 174 220 235 240 289 294 374 391 439 467 513 528 533 582 587 667 684 732 760 806 821 826 875 880
SelGLUIDs_1 = 26 86 187 205 209 238 246 254 275 276 281 379 480 498 502 531 539 547 568 569 574 672 773 791 795 824 832 840 861 862 867
SelHISIDs_1 = 
CreateResIndexingMethod = auto
DistMin = 2.0
DistMax = 4.0
ProcessPDBChoice = yes
RedoxState = R R R R R R R R R R R R 
OutPrefix = BioDC
FFchoice = H
SolvEnv = e
BoxShape = rec
BufferSize = 10
NaCount = 0
ClCount = 0
SelASPIDs_2 = 21 38 81 98 146 174 220 235 240 289 294 374 391 439 467 513 528 533 582 587 667 684 732 760 806 821 826 875 880
SelGLUIDs_2 = 26 86 187 205 209 238 246 254 275 276 281 379 480 498 502 531 539 547 568 569 574 672 773 791 795 824 832 840 861 862 867
SelLYSIDs_2 = 35 95 101 102 170 183 207 213 221 228 230 264 388 394 395 463 476 500 506 514 521 523 557 681 687 688 756 769 793 799 807 814 816 850
SelTYRIDs_2 = 44 46 129 141 148 153 155 166 179 190 219 222 253 301 304 309 310 329 337 339 422 434 441 446 448 459 472 483 512 515 546 594 597 602 603 622 630 632 715 727 734 739 741 752 765 776 805 808 839 887 890 895 896 915
SelPRNIDs_2 = 922 923 925 926 928 929 931 932 934 935 937 938 940 941 943 944 946 947 949 950 952 953 955 956
StructRelaxCompChoice = P
NProc = 64
