DivSel = 1
ProgInPath = yes
OriginalPDB = 8E5G_preped
ConsecResID = y
SelDisulfides = no
ChooseMut = no
SelCpH = yes
SelASPIDs_1 = 22 42 67 109 114 123 126 145 150 242 262 287 329 334 343 346 365 370 462 482 507 549 554 563 566 585 590 682 702 727 769 774 783 786 805 810 902 922 947 989 994 1003 1006 1025 1030
SelGLUIDs_1 = 17 26 45 53 76 90 133 140 144 153 175 181 237 246 265 273 296 310 353 360 364 373 395 401 457 466 485 493 516 530 573 580 584 593 615 621 677 686 705 713 736 750 793 800 804 813 835 841 897 906 925 933 956 970 1013 1020 1024 1033 1055 1061
SelHISIDs_1 = 
CreateResIndexingMethod = auto
DistMin = 2.0
DistMax = 4.0
ProcessPDBChoice = yes
RedoxState = R R R R R R R R R R R R R R R R R 
OutPrefix = BioDC
FFchoice = H
SolvEnv = e
BoxShape = rec
BufferSize = 10
NaCount = 0
ClCount = 0
SelASPIDs_2 = 22 42 67 109 114 123 126 145 150 242 262 287 329 334 343 346 365 370 462 482 507 549 554 563 566 585 590 682 702 727 769 774 783 786 805 810 902 922 947 989 994 1003 1006 1025 1030
SelGLUIDs_2 = 17 26 45 53 76 90 133 140 144 153 175 181 237 246 265 273 296 310 353 360 364 373 395 401 457 466 485 493 516 530 573 580 584 593 615 621 677 686 705 713 736 750 793 800 804 813 835 841 897 906 925 933 956 970 1013 1020 1024 1033 1055 1061
SelLYSIDs_2 = 18 28 35 132 146 165 171 238 248 255 352 366 385 391 458 468 475 572 586 605 611 678 688 695 792 806 825 831 898 908 915 1012 1026 1045 1051
SelTYRIDs_2 = 5 99 120 122 129 161 180 182 193 205 225 319 340 342 349 381 400 402 413 425 445 539 560 562 569 601 620 622 633 645 665 759 780 782 789 821 840 842 853 865 885 979 1000 1002 1009 1041 1060 1062 1073 1085
SelPRNIDs_2 = 1102 1103 1105 1106 1108 1109 1111 1112 1114 1115 1117 1118 1120 1121 1123 1124 1126 1127 1129 1130 1132 1133 1135 1136 1138 1139 1141 1142 1144 1145 1147 1148 1150 1151
StructRelaxCompChoice = P
NProc = 64
