DivSel = 1
ProgInPath = yes
OriginalPDB = 6NEF_preped
ConsecResID = y
SelDisulfides = n
ChooseMut = n
SelCpH = yes
SelASPIDs_1 = 76 90 105 136 142 165 175 196 265 301 322 333 334 341 360 376 386 410 483 497 512 543 549 572 582 603 672 708 729 740 741 748 767 783 793 817 890 904 919 950 956 979 989 1010 1079 1115 1136 1147 1148 1155 1174 1190 1200 1224
SelGLUIDs_1 = 8 10 28 30 88 124 126 242 257 317 318 370 399 435 437 495 531 533 649 664 724 725 777 806 842 844 902 938 940 1056 1071 1131 1132 1184 1213
SelHISIDs_1 = 
CreateResIndexingMethod = auto
DistMin = 2.0
DistMax = 4.0
ProcessPDBChoice = yes
RedoxState = R R R R R R R R R R R R R R R R R R 
OutPrefix = BioDC
FFchoice = H
SolvEnv = e
BoxShape = 10
BufferSize = 10
BoxShape = rec
BufferSize = 10
NaCount = 0
ClCount = 0
SelASPIDs_2 = 76 90 105 136 142 165 175 196 265 301 322 333 334 341 360 376 386 410 483 497 512 543 549 572 582 603 672 708 729 740 741 748 767 783 793 817 890 904 919 950 956 979 989 1010 1079 1115 1136 1147 1148 1155 1174 1190 1200 1224
SelGLUIDs_2 = 8 10 28 30 88 124 126 242 257 317 318 370 399 435 437 495 531 533 649 664 724 725 777 806 842 844 902 938 940 1056 1071 1131 1132 1184 1213
SelLYSIDs_2 = 110 111 128 169 186 217 284 297 298 327 331 411 422 426 517 518 535 576 593 624 691 704 705 734 738 818 829 833 924 925 942 983 1000 1031 1098 1111 1112 1141 1145 1225 1236 1240
SelTYRIDs_2 = 82 113 137 139 153 170 191 206 214 223 238 251 271 293 296 310 323 369 383 404 405 415 489 520 544 546 560 577 598 613 621 630 645 658 678 700 703 717 730 776 790 811 812 822 896 927 951 953 967 984 1005 1020 1028 1037 1052 1065 1085 1107 1110 1124 1137 1183 1197 1218 1219 1229
SelPRNIDs_2 = 1243 1244 1246 1247 1249 1250 1252 1253 1255 1256 1258 1259 1261 1262 1264 1265 1267 1268 1270 1271 1273 1274 1276 1277 1279 1280 1282 1283 1285 1286 1288 1289 1291 1292 1294 1295
StructRelaxCompChoice = P
NProc = 64
